PIN]
GOLD
JPLl
8102
VNDP
0618
0704
0705
0802
0803
0805
0806
0808
0809
081 l
0818
0819
0821
1 106
l 107
l 108
1 109
1 1 10
1 l 1 1
1 1 12
l l 13
1 1 14
6050
6052
6054
6056
6058

7000
7001
7002
7007

AMBO

BEAR
BLAC
BOUC
BRIN
CABA
CAJO
CHAP
CHER
COCH
CRAF
CRIS
DASH

4.6
—1.5
0.3
1.3
0.5
1.4
0.4
—1.0
—7. 2
—12.0
—o.3
—1.4
—9.8
—5.5
—4.3
5.6
3.3
5.0
1.9
3.0
3.1
1.0
—0.3
—1.6
~30
—5.5
—4. 2
—4s. 0
2. 9
129 3
66. 3
33. 3
—28.4
15.4
—120.2
-115.8
—22.7
—7.4
7.6
9.9
—3.4
5.0

3 5
19.8
70.7
—0 4
15 4
—l.8
6.6
—4 4
5.1

0.1
0.1
0.1
0.2
0.2
1.4
1.0
0.9
1.1
0.9
1.0
1.0
1.0
1.1
1.1
0.8
1.2
0.8
0.8
0.8
0.8
1.0
1.2
1.3
1.3
1.0
1.3
3.7
5.2
3.5
3.6
5.3
7.4
5.7
3.0
3.1
3.5
1.1
1.1
0.3
0.4
0.9
1.4
1.5
0.9
1.5
2.1
2.4
2.1
1. 2
1.1

—0.1
0.1
—0.2
-0.2
0.4
1.1
0. 0
—1.9
-4.2
—3.0
—1.7
—2.0
—4.2
—4.2
—3.9
0. 0
1. 5
0.0
0.4
1.0
0. 4
—0. 4
—0.7
—1.3
*2. 6
-4. 6
—3.2
4.9
—7. 0
-20. 7
7.4
3.2
—5.9
6.6
—9. 8
25.1
—5.5
-4.5
2.3
1.1
-2.1
1.7
-l.5
4.9
-2.2
-2.9
3.9
*2.1
0.9
—3.3
0.4

1.4
—0.8
-1.5

1.0
—0.4
—0.1
—5.4
73.0

0. 3
—1. 0
—3.3
—1.5
-1.8

1.4
—1.2

0.6
‘1.5

2.3
—l. 4

0. 1
-4.3
—0.3

0.4

1.3
“0.5

5.9

2. 5

49.5
-37.4
10.1
-9. 7
13. 6
42.9
-95.5
38.3
57.4

1.7

4.6
-0.6
—4.2

2.1

1.4
—1.8

6.1
—6.1
-0.1

4.1

3.8

2.7

2.7

1.8

0.2
0.2
0.2
0.3
0.3
3.0
2.4
0.8
2.0
1.7
2.2
2.4
2.0
2.2
2.2
0.7
1.0
0.7
0.8
0.7
0.7
1.0
1.0
2.7
2.6
0.9
2.4

. 9.5

7.4
8.0
7.0
9.0
9. 9
17. 7
5.3
7.7
6.2
2.2
0.9
0.3
0.4
0.8
4.9
1.5
0.7
1.5
1.5
2.7
1.7
2.4
2.2

—0.4
0.2
-0.2
0.4
—0.1
0. 9
—4. 3
0.3
1.5
1.6
0.2
0.1
-2.2
0.6
*1.9
-0.6
—1.6
0.6
-1.9
—0.7
-5.2
-0.9
—0.4
0.2
-1. 5
2. 9
—-O.4
3.6
3. 8
26. 2
5.3
—-0.9
-3. 6
—57. 0
12.7
36.1
4.6
0.9
-—2.4
2.3
-0.8
0.1
-2.8
'—0.1
—-1.5
2.3
~0.7
0.6
2.4
-0.2
—O.4

1.0
0.6
0.0
1.0
0.4
6.2
—0.2
-1.7
-0.4
0.5
—2.7
0.0
-0.7
0.7
-2.2
—3.3
0.9
4.0
0.4
4.9
‘54
~ 1.1
3.4
—1.7
-2.6
—-O.7
—-1. 8
17. 9
6.1
-7.9
5.4
3. 7
14. 4
48.4
8.7
7.0
9.4
0.4
-3. 8
—18. 3
-0.4
3.8
5.6
—4.3
~1.4
8.3
~14. 2
-0.9

—2.4
1.5

0.6
0.6
0.0
0.8
0.5
8.0
6.5
6.3
6.3
5.2
6.0
6.4
5.9
6.6
6.4
5.6
8.1
5.8
6.0
5.9
6.1
7.1
8.4
8.0
7.7
7.1
7. 7
111.8
107.9
85.1
74.9
93.6
159.7
179.8
69.3
69.7
81.9
6.2
8.0
1.7
2.5
6.5
66.0
9.9
5. 7
10 5
13.2
12.6

7.0
6.0

—0.4
0.2
0.4
0.5
0.5
6.5
0.2

—0.7

—1.4

—1.9

-1.6
0.5

—1.3
0.8

—2.0

—4.6
0.5
2.5

—0.2
4.2

~63

—1.5
3.4

—l.5

—2.3

-0.1

—l. 0

16. 8
11.6
- 14.2
5.2
-l. 2
11.0
48. 5
12.1
14.4
6.8
1.2
—5 5
-19. 0
0.5
2.7
4.5

-8.1

—0.2
8. 6

—16. 7

—0.7

-1.4
—0.1

SIO-N
SIO-N
SIO—N
SIO-N
SIO<N
SIO-G
SIO—G
USGS-G
SIOG-G
SIO—G
SIO-G
SIO—G
SIO—G
SIO-G
SIO-G
USGS-G
USGS-G
USGS—G
USGS-G
USGS-G
USGS-G
USGS-G
USGS-G
SIO~G
SIO-G
USGS—G
SIO-G
STAN
STAN
STAN
STAN
STAN
STAN
STAN
STAN
STAN
STAN
SIO-G
USGS-G
USGSG
USGS-G
USGS-G
STAN
USGS
USGS-G
USGS-0
USGS-O
USGS—O
UCLA
SIO—G
SIO-G

