PIN1 4.6 0. I -0.1 1.4 0.2 -0.4 1.0 0.6 -0.4 SIO-N
GOLD - 1.5 0.1 0.1 -0.8 0.2 0.2 0.6 0.6 0.2 SIO-N
JPL1 0.3 0.1 -0.2 -1.5 0.2 -0.2 0.0 0.0 0.4 SIO-N
SIO2 1.3 0.2 -0.2 1.0 0.3 0.4 1.0 0.8 0.5 SIO-N
VNDP 0.5 0.2 0.4 -0.4 0.3 -0.1 0.4 0.5 0.5 SIO-N
0618 1.4 1.4 1.1 -0.1 3.0 0.9 6.2 8.0 6.5 SIO-G
0704 0.4 1.0 0.0 -5.4 2.4 -4.3 -0.2 6.5 0.2 SIO-G
0705 - 1.0 0.9 - 1.9 -3.0 0.8 0.3 - 1.7 6.3 -0.7 USGS-G
0802 -7.2 1.1 -4.2 0.3 2.0 1.5 -0.4 6.3 -1.4 SIOG-G
0803 - 12.0 0.9 -3.0 - 1.0 1.7 1.6 0.5 5.2 - 1.9 SIO-G
0805 -0.3 1.0 -1.7 -3.3 2.2 0.2 -2.7 6.0 -1.6 SIO-G
0806 - 1.4 1.0 -2.0 - 1.5 2.4 0.1 0.0 6.4 0.5 SIO-G
0808 -9.8 1.0 -4.2 -1.8 2.0 -2.2 -0.7 5.9 -1.3 SIO-G
0809 -5.5 1.1 -4.2 1.4 2.2 0.6 0.7 6.6 0.8 SIO-G
0811 -4.3 1.1 -3.9 - 1.2 2.2 - 1.9 -2.2 6.4 -2.0 SIO-G
0818 5.6 0.8 0.0 0.6 0.7 -0.6 -3.3 5.6 -4.6 USGS-G
0819 3.3 1.2 1.5 -1.5 1.0 -1.6 0.9 8.1 0.5 USGS-G
0821 5.0 0.8 0.0 2.3 0.7 0.6 4.0 5.8 2.5 USGS-G
1106 1.9 0.8 0.4 -1.4 0.8 -1.9 0.4 6.0 -0.2 USGS-G
1107 3.0 0.8 1.0 0.1 0.7 -0.7 4.9 5.9 4.2 USGS-G
1108 3.1 0.8 0.4 -4.3 0.7 -5.2 -5.4 6.1 -6.3 USGS-G
1109 1.0 1.0 -0.4 -0.3 1.0 -0.9 -1.1 7.1 -1.5 USGS-G
1110 -0.3 1.2 -0.7 0.4 1.0 -0.4 3.4 8.4 3.4 USGS-G
1111 -1.6 1.3 -1.3 1.3 2.7 0.2 -1.7 8.0 -1.5 SIO-G
1112 -3.0 1.3 -2.6 -0.5 2.6 -1.5 -2.6 7.7 -2.3 SIO-G
1113 -5.5 1.0 -4.6 5.9 0.9 2.9 -0.7 7.1 -0.1 USGS-G
1114 -4.2 1.3 -3.2 2.5 2.4 -0.4 - 1.8 7.7 - 1.0 SIO-G
6050 -48.0 3.7 4.9 49.5 9.5 3.6 17.9 111.8 16.8 STAb/
6052 2.9 5.2 -7.0 -37.4 7.4 3.8 6.1 107.9 11.6 STAN
6054 129.3 3.5 -20.7 10.1 8.0 26.2 -7.9 85.1 -14.2 STAN
6056 66.3 3.6 7.4 -9.7 7.0 5.3 5.4 74.9 5.2 STAN
6058 33.3 5.3 3.2 13.6 9.0 -0.9 3.7 93.6 - 1.2 STAN
6060 -28.4 7.4 -5.9 42.9 9.9 -3.6 14.4 159.7 11.0 STAN
7000 15.4 5.7 6.6 -95.5 17.7 -57.0 48.4 179.8 48.5 STAN
7001 - 120.2 3.0 -9.8 38.3 5.3 12.7 8.7 69.3 12.1 STAN
7002 - 115.8 3.1 25.1 57.4 7.7 36.1 7.0 69.7 14.4 STAN
7007 -22.7 3.5 -5.5 1.7 6.2 4.6 9.4 81.9 6.8 STAN
AMBO --7.4 1. I --4.5 4.6 2.2 0.9 0.4 6.2 1.2 SIO-(3
ANZA 7.6 1.1 2.3 --0.6 0.9 --2.4 --3.8 8.0 --5.5 USOS-G
BEAR 9.9 0.3 1.1 --4.2 0.3 2.3 --18.3 1.7 --19.0 USGS-G
BLAC --3.4 0.4 -2.1 2.1 0.4 --0.8 --0.4 2.5 0.5 USGS-G
BOUC 5.0 0.9 1.7 1.4 0.8 0.1 3.8 6.5 2.7 USGS-G
BRIN 3.5 1.4 - 1.5 - 1.8 4.9 --2.8 5.6 66.0 4.5 STAb/
CABA 19.8 1.5 4.9 6.1 1.5 '--0.1 --4.3 9.9 --8.1 USGS
CAJO -0.7 0.9 -2.2 -6.1 0.7 -1.5 -1.4 5.7 -0.2 USGS-G
CHAP -0.4 1.5 -2.9 -0.1 1.5 2.3 8.3 10.5 8.6 USGS-O
CHER 15.4 2.1 3.9 4.1 1.5 -0.7 -14.2 13.2 --16.7 USGS-O
COCH -1.8 2.4 -2.1 3.8 2.7 0.6 -0.9 12.6 -0.7 USGS-O
CRAF 6.6 2.1 0.9 2.7 1.7 2.4 UCLA
CRIS -4.4 1.2 -3.3 2.7 2.4 -0.2 --2.4 7.0 --1.4 SIO-G
DASH 5.1 1.1 0.4 1.8 2.2 --0.4 1.5 6.0 -0.1 SIO-G
DUMP - I0.0 5.8 9.7 -28.4 16.8 --22.2 37.3 188.4 36.3 STAN
EDM2 5.0 1.6 -4.5 5.4 1.7 1.1 6.7 11.1 4.7 USGS-G
ENDD -5.0 1.3 --4.6 0.0 2.5 -- 1.3 -4.8 7.6 -4.3 SIO-G
GAP -0.7 0.9 - 1.2 3.2 2. I 0.0 -7.0 25.6 -6.9 STAN
GARN 14.4 0.3 -0.6 -5.5 0.3 --0.3 -0.4 1.9 -3.8 USGS-G
GODW -7.5 0.8 -2.0 9.8 0.7 -2.5 -3.2 5.5 -0.1 USGS-G
HECT -32.4 0.5 -4.9 --6.8 0.5 1.0 4.2 3.6 0.0 USGS-G
HIGH 3.0 1.5 - 1.0 0.6 1.2 2.7 -3.2 10.2 --3.4 USGS-O
INA5 26.7 0.8 1.1 10.1 0.8 -1.2 -0.6 4.8 -4.5 USGS-G
INDO 13.4 0.9 3.2 2.5 0.7 - 1.7 5.8 6.2 --8.7 USGS-G 
INYO -1.6 1.0 -1.9 -0.6 2.4 0.3 -2.1 6.3 -1.8 SIO-G
JURU 0.8 1.1 - 1.2 1.3 1.8 2.1 -2.3 36.5 -2.4 STAN
L290 - 1.0 2.4 -0.7 3.2 2.0 3.7 UCLA
LAST 3.4 0.9 0.2 --0.5 0.8 -- 1.7 0.1 6.3 -0.8 USGS-G
LAZY 169.7 0.3 -4.5 - 10.3 0.3 7.0 - 14.9 2.0 - 13.5 USGS-G
LIMP 7.8 2.4 6.2 1.2 2.0 1.7 UCLA
LUCS -0.2 1.2 -7.4 -25.1 1.0 -0.8 UCLA
MATH 2.3 0.9 --0.1 -- 1.2 0.8 - 1.7 --4.0 6.5 -4.6 USGS-G
MAUM -166.7 0.5 6.6 57.6 0.5 2.4 11,3 3.4 11.2 USGS-G
MDAY 0.1 1.8 - 1.2 -2.6 1.5 1.2 - 1,3 12.0 0.0 USGS
MEEK 65.6 0.6 4.5 23.9 0.7 3.1 2.3 4.1 -3.1 USGS-G
MILL 5.7 2.4 -- 1.7 5.8 2.1 6.1 7,0 15.0 5.4 USGS
MILU 0.4 1.0 - 1.8 -4.3 1.9 0.6 - 10.2 35.1 -9.1 STAN
NIGU 2.0 1.0 0.6 -1.3 0.8 -1.9 -5.5 6.8 -6.0 USGS-G
OCOT -0.3 0.9 -0.6 -2.3 0.9 -2.7 4,3 6.2 4.3 USGS-G
ONYX 33.9 2.3 -3.3 23.5 5.2 3.5 9.5 68.6 4.9 STAN
PARK --2.3 4.2 --0.6 1.2 3.4 1.7 UCLA
PAVE -3.4 2.5 -2.8 2.1 2.1 0.9 UCLA
PEAR -0.9 0.9 - 1.7 --2.1 0.8 0.6 0.3 6.3 1.2 USGS-G
PINY 5.1 1.2 0.4 -1.3 1.0 -3.1 -3.9 8.7 -5.3 USGS-G
POIN -0.2 0.9 -3.9 -14.0 0.7 0.5 2.6 6.1 5.8 USGS-G
PORT - 1.3 1.8 - 1.9 1.6 1.5 3.4 UCLA
PVER 1.5 0.6 1.0 -3.8 0.5 -3.6 -0.1 3.9 -0.1 USGS-G
PESO 4.6 0.7 0.0 3.1 2.0 1.0 -0.7 24.9 - 1.9 STAN
ROCH 5.6 0.2 -0.3 3.2 0.5 1.2 1.9 6.7 0.1 STAN
ROD2 -3.8 3.3 -3.2 2.1 2.7 1.9 UCLA
ROSA 6.6 1.2 3.2 - 1.7 0.9 -3.2 -6.4 8.0 -7.5 USGS-G
ROUN - 1.4 27 - 1.7 6.8 2.4 7.6 8.2 16.2 8.5 USGS
SAND -30.9 0.4 1.0 41.1 0.5 2.5 - 1.0 2.9 1.2 USGS-G
SANO 2.2 1.5 0.5 3.5 1.5 4.3 3.9 10.5 3.9 USGS
SOAP 2.7 0.7 0.9 -6.5 0.8 0.0 --6.4 5.2 -4.9 USGS-G
STIM 4.5 1.5 1.8 -4.0 1.3 6.1 0.8 7.6 3.5 USGS-G
THOU -13.5 5.7 -14.7 11.7 5.4 6.3 2.4 23.1 2.4 USGS
TOM2 19,7 0.9 2.1 5.0 0.8 -2.3 - 1.0 5.8 -5.1 USGS-G
vmw -9.5 0.4 -6.8 7.0 0.4 -0.8 -6.6 3.0 -5.5 USGS-G
WIDE 8.9 0.3 - 1.7 4.3 0.3 - 1.4 1.7 1.9 --0.1 USGS-G 
