 Lon Lat EW SN Sew Sns coff Name Up Sup Agency
 110.350 31.049 -0.512 0.371 0.140 0.138 0.018 BADN -2.900 0.520 IOS
 106.850 29.302 -1.579 0.577 0.310 0.257 0.019 BNSL -0.620 0.701 CQEA
 104.064 30.639 -15.934 11.643 0.253 0.241 0.012 CHDU -0.152 0.519 SCEA
 103.661 30.995 -96.100 69.300 0.24 0.20 0.030 DUJY -15.100 1.800 SCEA
 107.403 30.368 -2.288 0.614 0.253 0.242 0.001 DJXM 1.108 0.528 CQEA
 108.015 29.815 -1.441 0.337 0.257 0.243 0.004 FDLH 1.423 0.533 CQEA
 109.119 31.105 -1.552 0.195 0.261 0.243 -0.012 FJHT 0.354 0.560 CQEA
 109.444 30.666 -1.103 0.104 0.253 0.242 -0.009 FJXL 1.039 0.532 SCEA
 110.748 31.341 -0.391 0.141 0.14 0.138 -0.001 GUFU 1.600 0.510 IOS
 102.267 27.796 -0.412 -0.323 0.311 0.201 0.019 GYAO 5.100 0.412 SCEA
 106.367 30.106 -2.410 0.722 0.254 0.242 0.005 HCYT 1.167 0.527 CQEA
 105.413 28.872 -1.415 -0.151 0.051 0.050 0.001 LUZH -0.410 0.105 CMONOC
 106.254 29.182 -1.051 0.456 0.256 0.244 0.013 JJML 0.619 0.532 CQEA
 104.544 30.388 -7.642 4.144 0.252 0.241 0.012 JYAN 0.802 0.519 SCEA
 102.112 27.882 0.101 -0.291 0.323 0.221 0.038 KAIY -1.802 0.560 SCEA
 108.166 31.078 -1.788 0.422 0.253 0.242 -0.004 KXLJ 1.412 0.529 CQEA
 103.755 29.564 -1.107 0.064 0.076 0.057 0.011 LESH -0.761 0.162 SCEA
 107.862 30.770 -2.050 0.404 0.255 0.242 -0.001 LPFP 0.474 0.531 CQEA
 101.745 30.600 4.251 0.521 0.112 0.101 0.033 MAON 0.600 0.532 SCEA
 103.134 28.335 -0.229 -0.252 0.132 0.122 0.021 MEIG -0.860 0.630 SCEA
 101.744 30.599 3.932 -0.056 0.081 0.066 0.028 MNIU -1.516 0.163 SCEA
 104.726 31.440 -30.195 6.168 0.075 0.075 0.026 MYAN -1.193 0.148 SCEA
 105.118 29.620 -2.061 0.689 0.076 0.057 0.005 NEIJ 0.347 0.162 SCEA
 103.756 30.910 -56.424 42.160 0.074 0.056 -0.001 PIXI -8.258 0.151 SCEA
 101.184 31.022 4.350 -0.697 0.076 0.065 0.009 QIME -1.188 0.149 SCEA
 103.305 30.354 -1.493 -0.641 0.092 0.065 -0.022 QLAI -3.833 0.232 SCEA
 105.350 29.533 -2.162 0.878 0.255 0.243 0.013 RCPL 0.256 0.527 CQEA
 104.102 30.200 -5.074 3.595 0.071 0.055 0.002 RENS -0.611 0.139 SCEA
 104.433 29.457 -1.324 0.571 0.071 0.055 0.004 ROXI -0.543 0.140 SCEA
 101.525 30.326 1.895 -0.362 0.073 0.065 0.015 TAGO -1.124 0.145 SCEA
 103.010 29.981 -0.611 -0.632 0.257 0.242 0.021 YAAN -0.646 0.524 SCEA
 108.460 30.752 -1.442 0.406 0.254 0.242 -0.007 WANZ 1.117 0.530 CQEA
 101.125 30.881 3.372 -0.197 0.062 0.051 -0.008 WARI 0.251 0.125 SCEA
 109.842 31.024 -1.441 0.184 0.252 0.242 -0.009 WSJP 0.955 0.528 CQEA
 102.348 27.809 0.211 -0.358 0.124 0.119 0.026 XICH -2.000 0.537 SCEA
 108.985 34.178 -0.306 -0.743 0.199 0.150 -0.007 XIAA 3.510 0.641 CMONOC
 104.596 28.798 -0.784 0.242 0.253 0.244 0.024 YBIN 1.303 0.521 SCEA
 104.545 31.006 -20.185 6.901 0.063 0.052 -0.005 ZHJI -0.553 0.126 SCEA