Name Lat Lon N Nerr Nres E Eerr Eres V Verr Vres Source
0618 34.8253 -118.8681 1.4 1.4 1.1 -0.1 3.0 0.9 6.2 8.0 6.5 SIO-G
0704 34.4072 -118.5400 0.4 1.0 0.0 -5.4 2.4 -4.3 -0.2 6.5 0.2 SIO-G
0705 34.4928 -117.7650 -1.0 0.9 -1.9 -3.0 0.8 0.3 -1.7 6.3 -0.7 USGS-G
0803 35.0719 -116.4147 -12.0 0.9 -3.0 -1.0 1.7 1.6 0.5 5.2 -1.9 SIO-G
0805 35.0072 -117.5292 -0.3 1.0 -1.7 -3.3 2.2 0.2 -2.7 6.0 -1.6 SIO-G
0806 35.3661 -117.6142 -1.4 1.0 -2.0 -1.5 2.4 0.1 0.0 6.4 0.5 SIO-G
0808 34.7278 -115.9331 -9.8 1.0 -4.2 -1.8 2.0 -2.2 -0.7 5.9 -1.3 SIO-G
0818 34.0222 -117.1042 5.6 0.8 0.0 0.6 0.7 -0.6 -3.3 5.6 -4.6 USGS-G
0819 33.8842 -117.5475 3.3 1.2 1.5 -1.5 1.0 -1.6 0.9 8.1 0.5 USGS-G
0821 33.5614 -116.5706 5.0 0.8 0.0 2.3 0.7 0.6 4.0 5.8 2.5 USGS-G
1106 32.8444 -116.8019 1.9 0.8 0.4 -1.4 0.8 -1.9 0.4 6.0 -0.2 USGS-G
1107 33.1294 -117.2769 3.0 0.8 1.0 0.1 0.7 -0.7 4.9 5.9 4.2 USGS-G
1108 33.2339 -116.6933 3.1 0.8 0.4 -4.3 0.7 -5.2 -5.4 6.1 -6.3 USGS-G
1109 33.1597 -116.2469 1.0 1.0 -0.4 -0.3 1.0 -0.9 -1.1 7.1 -1.5 USGS-G
1112 33.2572 -114.5122 -3.0 1.3 -2.6 -0.5 2.6 -1.5 -2.6 7.7 -2.3 SIO-G
1113 33.6772 -115.9639 -5.5 1.0 -4.6 5.9 0.9 2.9 -0.7 7.1 -0.1 USGS-G
1114 33.6808 -115.2431 -4.2 1.3 -3.2 2.5 2.4 -0.4 -1.8 7.7 -1.0 SIO-G
6050 34.2660 -116.3340 -48.0 3.7 4.9 49.5 9.5 3.6 17.9 111.8 16.8 STAN
6052 34.5160 -116.8400 2.9 5.2 -7.0 -37.4 7.4 3.8 6.1 107.9 11.6 STAN
6054 34.2040 -116.4420 129.3 3.5 -20.7 10.1 8.0 26.2 -7.9 85.1 -14.2 STAN
6056 34.3700 -116.6470 66.3 3.6 7.4 -9.7 7.0 5.3 5.4 74.9 5.2 STAN
6058 34.0400 -116.5850 33.3 5.3 3.2 13.6 9.0 -0.9 3.7 93.6 -1.2 STAN
6060 34.1356 -116.3292 -28.4 7.4 -5.9 42.9 9.9 -3.6 14.4 159.7 11.0 STAN
7000 34.6760 -116.7160 15.4 5.7 6.6 -95.5 17.7 -57.0 48.4 179.8 48.5 STAN
7001 34.5600 -116.4690 -120.2 3.0 -9.8 38.3 5.3 12.7 8.7 69.3 12.1 STAN
7002 34.3670 -116.4040 -115.8 3.1 25.1 57.4 7.7 36.1 7.0 69.7 14.4 STAN
7007 34.7050 -116.2250 -22.7 3.5 -5.5 1.7 6.2 4.6 9.4 81.9 6.8 STAN
AMBO 34.5586 -115.7422 -7.4 1.1 -4.5 4.6 2.2 0.9 0.4 6.2 1.2 SIO-G
ANZA 33.5560 -116.6618 7.6 1.1 2.3 -0.6 0.9 -2.4 -3.8 8.0 -5.5 USOS-G
BEAR 34.2640 -116.8840 9.9 0.3 1.1 -4.2 0.3 2.3 -18.3 1.7 -19.0 USGS-G
BLAC 33.6640 -115.7200 -3.4 0.4 -2.1 2.1 0.4 -0.8 -0.4 2.5 0.5 USGS-G
BRIN 34.0140 -117.1390 3.5 1.4 -1.5 -1.8 4.9 -2.8 5.6 66.0 4.5 STAN
CABA 33.9159 -116.7755 19.8 1.5 4.9 6.1 1.5 -0.1 -4.3 9.9 -8.1 USGS
CAJO 34.3470 -117.4510 -0.7 0.9 -2.2 -6.1 0.7 -1.5 -1.4 5.7 -0.2 USGS-G
CHAP 34.1538 -117.3089 -0.4 1.5 -2.9 -0.1 1.5 2.3 8.3 10.5 8.6 USGS-O
CHER 34.0028 -116.9518 15.4 2.1 3.9 4.1 1.5 -0.7 -14.2 13.2 -16.7 USGS-O
COCH 33.7403 -116.1583 -1.8 2.4 -2.1 3.8 2.7 0.6 -0.9 12.6 -0.7 USGS-O
CRAF 34.0614 -117.0855 6.6 2.1 0.9 2.7 1.7 2.4 NA NA NA UCLA
CRIS 34.0442 -115.2183 -4.4 1.2 -3.3 2.7 2.4 -0.2 -2.4 7.0 -1.4 SIO-G
DASH 33.6356 -117.0861 5.1 1.1 0.4 1.8 2.2 -0.4 1.5 6.0 -0.1 SIO-G
DUMP 34.7930 -116.6630 -10.0 5.8 9.7 -28.4 16.8 -22.2 37.3 188.4 36.3 STAN
EDM2 33.8700 -116.4300 5.0 1.6 -4.5 5.4 1.7 1.1 6.7 11.1 4.7 USGS-G
ENDD 34.0441 -114.4814 -5.0 1.3 -4.6 0.0 2.5 -1.3 -4.8 7.6 -4.3 SIO-G
GAP 33.7470 -116.1740 -0.7 0.9 -1.2 3.2 2.1 0.0 -7.0 25.6 -6.9 STAN
GARN 33.8978 -116.5377 14.4 0.3 -0.6 -5.5 0.3 -0.3 -0.4 1.9 -3.8 USGS-G
GOLD 34.1846 -115.9315 -1.5 0.1 0.1 -0.8 0.2 0.2 0.6 0.6 0.2 SIO-N
GODW 35.4250 -116.8890 -7.5 0.8 -2.0 9.8 0.7 -2.5 -3.2 5.5 -0.1 USGS-G
HECT 34.7850 -116.4210 -32.4 0.5 -4.9 -6.8 0.5 1.0 4.2 3.6 0.0 USGS-G
HIGH 34.1339 -117.1693 3.0 1.5 -1.0 0.6 1.2 2.7 -3.2 10.2 -3.4 USGS-O
INA5 34.0041 -116.5154 26.7 0.8 1.1 10.1 0.8 -1.2 -0.6 4.8 -4.5 USGS-G
INDO 33.7945 -116.7770 13.4 0.9 3.2 2.5 0.7 -1.7 5.8 6.2 -8.7 USGS-G
INYO 35.6475 -117.8117 -1.6 1.0 -1.9 -0.6 2.4 0.3 -2.1 6.3 -1.8 SIO-G
JPL1 34.2050 -118.1730 0.3 0.1 -0.2 -1.5 0.2 -0.2 0.0 0.0 0.4 SIO-N
JURU 34.0320 -117.4430 0.8 1.1 -1.2 1.3 1.8 2.1 -2.3 36.5 -2.4 STAN
L290 35.9781 -117.3286 -1.0 2.4 -0.7 3.2 2.0 3.7 NA NA NA UCLA
LAST 33.8372 -117.3092 3.4 0.9 0.2 -0.5 0.8 -1.7 0.1 6.3 -0.8 USGS-G
LAZY 34.3439 -116.5139 169.7 0.3 -4.5 -10.3 0.3 7.0 -14.9 2.0 -13.5 USGS-G
LIMO 33.9752 -117.5489 7.8 2.4 6.2 1.2 2.0 1.7 NA NA NA UCLA
LUCS 34.4394 -118.8819 -0.2 1.2 -7.4 -25.1 1.0 -0.8 NA NA NA UCLA
MATH 33.8566 -117.4367 2.3 0.9 -0.1 -1.2 0.8 -1.7 -4.0 6.5 -4.6 USGS-G
MAUM 34.4190 -116.4580 -166.7 0.5 6.6 57.6 0.5 2.4 11.3 3.4 11.2 USGS-G
MDAY 34.7429 -117.7058 0.1 1.8 -1.2 -2.6 1.5 1.2 -1.3 12.0 0.0 USGS
MEEK 34.2580 -116.6170 65.6 0.6 4.5 23.9 0.7 3.1 2.3 4.1 -3.1 USGS-G
MILL 34.0907 -117.0106 5.7 2.4 -1.7 5.8 2.1 6.1 7.0 15.0 5.4 USGS
MILU 34.2810 -117.2920 0.4 1.0 -1.8 -4.3 1.9 0.6 -10.2 35.1 -9.1 STAN
NIGU 33.5145 -117.7303 2.0 1.0 0.6 -1.3 0.8 -1.9 -5.5 6.8 -6.0 USGS-G
OCOT 32.7900 -115.7961 -0.3 0.9 -0.6 -2.3 0.9 -2.7 4.3 6.2 4.3 USGS-G
ONYX 34.1930 -116.7100 33.9 2.3 -3.3 23.5 5.2 3.5 9.5 68.6 4.9 STAN
PARK 35.8669 -116.3003 -2.3 4.2 -0.6 1.2 3.4 1.7 NA NA NA UCLA
PAVE 33.4504 -116.7468 -3.4 2.5 -2.8 2.1 2.1 0.9 NA NA NA UCLA
PEAR 34.5121 -117.9224 -0.9 0.9 -1.7 -2.1 0.8 0.6 0.3 6.3 1.2 USGS-G
PIN1 33.6122 -116.4582 4.6 0.1 -0.1 1.4 0.2 -0.4 1.0 0.6 -0.4 SIO-N
PINY 33.6092 -116.4588 5.1 1.2 0.4 -1.3 1.0 -3.1 -3.9 8.7 -5.3 USGS-G
POIN 34.4540 -117.0680 -0.2 0.9 -3.9 -14.0 0.7 0.5 2.6 6.1 5.8 USGS-G
PORT 35.0872 -118.1569 -1.3 1.8 -1.9 1.6 1.5 3.4 NA NA NA UCLA
PVER 33.7438 -118.4035 1.5 0.6 1.0 -3.8 0.5 -3.6 -0.1 3.9 -0.1 USGS-G
RESO 33.6880 -116.3920 4.6 0.7 0.0 3.1 2.0 1.0 -0.7 24.9 -1.9 STAN
ROCH 33.6080 -116.6100 5.6 0.2 -0.3 3.2 0.5 1.2 1.9 6.7 0.1 STAN
ROD2 35.1130 -114.8280 -3.8 3.3 -3.2 2.1 2.7 1.9 NA NA NA UCLA
ROSA 33.5052 -117.1889 6.6 1.2 3.2 -1.7 0.9 -3.2 -6.4 8.0 -7.5 USGS-G
ROUN 35.6417 -118.4769 -1.4 27 -1.7 6.8 2.4 7.6 8.2 16.2 8.5 USGS
SAND 34.2550 -116.2786 -30.9 0.4 1.0 41.1 0.5 2.5 -1.0 2.9 1.2 USGS-G
SANO 34.0182 -117.5130 2.2 1.5 0.5 3.5 1.5 4.3 3.9 10.5 3.9 USGS
SIO2 32.8670 -117.2520 1.3 0.2 -0.2 1.0 0.3 0.4 1.0 0.8 0.5 SIO-N
SOAP 34.9040 -116.9810 2.7 0.7 0.9 -6.5 0.8 0.0 -6.4 5.2 -4.9 USGS-G
STIM 34.5341 -117.2418 4.5 1.5 1.8 -4.0 1.3 6.1 0.8 7.6 3.5 USGS-G
THOU 33.8893 -116.2717 -13.5 5.7 -14.7 11.7 5.4 6.3 2.4 23.1 2.4 USGS
TOM2 33.9249 -116.6337 19.7 0.9 2.1 5.0 0.8 -2.3 -1.0 5.8 -5.1 USGS-G
VIEW 33.9260 -116.1880 -9.5 0.4 -6.8 7.0 0.4 -0.8 -6.6 3.0 -5.5 USGS-G
VNDP 34.5561 -120.6164 0.5 0.2 0.4 -0.4 0.3 -0.1 0.4 0.5 0.5 SIO-N
WIDE 33.9314 -116.4063 8.9 0.3 -1.7 4.3 0.3 -1.4 1.7 1.9 -0.1 USGS-G
