Lat Lon 
34.8253 -118.8681  
34.4072 -118.5400 
34.4928 -117.7650 
35.0719 -116.4147 
35.0072 -117.5292 
35.3661 -117.6142 
34.7278 -115.9331 
34.0222 -117.1042 
33.8842 -117.5475 
33.5614 -116.5706 
32.8444 -116.8019 
33.1294 -117.2769 
33.2339 -116.6933 
33.1597 -116.2469 
33.2572 -114.5122 
33.6772 -115.9639 
33.6808 -115.2431 
34.2660 -116.3340 
34.5160 -116.8400 
34.2040 -116.4420 
34.3700 -116.6470 
34.0400 -116.5850 
34.1356 -116.3292 
34.6760 -116.7160 
34.5600 -116.4690 
34.3670 -116.4040 
34.7050 -116.2250 
34.5586 -115.7422 
33.5560 -116.6618 
34.2640 -116.8840 
33.6640 -115.7200 
34.0140 -117.1390 
33.9159 -116.7755 
34.3470 -117.4510 
34.1538 -117.3089 
34.0028 -116.9518 
33.7403 -116.1583 
34.0614 -117.0855 
34.0442 -115.2183 
33.6356 -117.0861 
34.7930 -116.6630 
33.8700 -116.4300 
34.0441 -114.4814 
33.7470 -116.1740 
33.8978 -116.5377 
34.1846 -115.9315 
35.4250 -116.8890 
34.7850 -116.4210 
34.1339 -117.1693 
34.0041 -116.5154 
33.7945 -116.7770 
35.6475 -117.8117 
34.2050 -118.1730 
34.0320 -117.4430 
35.9781 -117.3286 
33.8372 -117.3092 
34.3439 -116.5139 
33.9752 -117.5489 
34.4394 -118.8819 
33.8566 -117.4367 
34.4190 -116.4580 
34.7429 -117.7058 
34.2580 -116.6170 
34.0907 -117.0106 
34.2810 -117.2920 
33.5145 -117.7303 
32.7900 -115.7961 
34.1930 -116.7100 
35.8669 -116.3003 
33.4504 -116.7468 
34.5121 -117.9224 
33.6122 -116.4582 
33.6092 -116.4588 
34.4540 -117.0680 
35.0872 -118.1569 
33.7438 -118.4035 
33.6880 -116.3920 
33.6080 -116.6100 
35.1130 -114.8280 
33.5052 -117.1889 
35.6417 -118.4769 
34.2550 -116.2786 
34.0182 -117.5130 
32.8670 -117.2520 
34.9040 -116.9810 
34.5341 -117.2418 
33.8893 -116.2717 
33.9249 -116.6337 
33.9260 -116.1880 
34.5561 -120.6164 
33.9314 -116.4063 
